{  
   "DATALOGGING":{  
      "temp0":64.06,
      "temp1":63.95,
      "temp2":62.82,
      "temp3":63.50
   }
}

{  
   "thermometers":[  
      {  
         "id":0,
         "temp":63.50,
         "highAlarm":32.0000000000,
         "lowAlarm":32.0000000000,
         "sensor":4032169102500196
      },
      {  
         "id":1,
         "temp":63.95,
         "highAlarm":32.0000000000,
         "lowAlarm":32.0000000000,
         "sensor":40118328050033
      },
      {  
         "id":2,
         "temp":62.82,
         "highAlarm":32.0000000000,
         "lowAlarm":32.0000000000,
         "sensor":401711538050019
      },
      {  
         "id":3,
         "temp":63.39,
         "highAlarm":32.0000000000,
         "lowAlarm":32.0000000000,
         "sensor":4023116618150056,
         "isRims":1
      }
   ],
   "tempAlarmActive":0,
   "timerAlarmActive":0,
   "whichThermoAlarm":0,
   "clearTimers":1,
   "timers":[  

   ],
   "timersNotAllocated":8,
   "totalTimers":12,
   "pumpOn":0,
   "auxOn":0,
   "rimsEnable":0,
   "arduinoTime":2,
   "arduinoTimeLong":"0:00:02 1/1/1970",
   "setPoint":100.00,
   "windowSize":0,
   "kp":2.00,
   "ki":5.00,
   "kd":1.00,
   "output":0.00,
   "millis":2715,
   "windowStartTime":1395,
   "outputTime":1364
}